   2.0658746e+00
   2.3684087e+00
   2.5399929e+00
   2.5420804e+00
   2.5490790e+00
   2.7866882e+00
   2.9116825e+00
   3.0356270e+00
   3.1146696e+00
   3.1582389e+00
   3.3275944e+00
   3.3793165e+00
   3.4122006e+00
   3.4215823e+00
   3.5315732e+00
   3.6393002e+00
   3.6732537e+00
   3.9256462e+00
   4.0498646e+00
   4.2483348e+00
   4.3440052e+00
   4.3826531e+00
   4.4230602e+00
   4.6102443e+00
   4.6881183e+00
   4.9777333e+00
   5.0359967e+00
   5.0684536e+00
   5.4161491e+00
   5.4395623e+00
   5.4563207e+00
   5.5698458e+00
   5.6015729e+00
   5.6877617e+00
   5.7215602e+00
   5.8538914e+00
   6.1978026e+00
   6.3510941e+00
   6.4797033e+00
   6.7383791e+00
   6.8637686e+00
   7.0223387e+00
   7.0782373e+00
   7.1514232e+00
   7.4664023e+00
   7.5973874e+00
   7.7440717e+00
   7.7729662e+00
   7.8264514e+00
   7.9306356e+00
