   7.7918926e-01
   9.1596757e-01
   9.0538354e-01
   9.0566138e-01
   9.3898890e-01
   9.6684740e-01
   9.6436824e-01
   9.1445939e-01
   9.3933944e-01
   9.6074971e-01
   8.9837094e-01
   9.1209739e-01
   9.4238499e-01
   9.6624578e-01
   1.0526500e+00
   1.0143791e+00
   9.5969426e-01
   9.6853716e-01
   1.0766065e+00
   1.1454978e+00
   1.0340625e+00
   1.0070009e+00
   9.6683648e-01
   1.0895919e+00
   1.0634462e+00
   1.1237239e+00
   1.0323374e+00
   1.0874452e+00
   1.0702988e+00
   1.1606493e+00
   1.0778037e+00
   1.1069758e+00
   1.0971875e+00
   1.1648603e+00
   1.1411796e+00
   1.0844156e+00
   1.1252493e+00
   1.1168341e+00
   1.1970789e+00
   1.2069462e+00
   1.1251046e+00
   1.1235672e+00
   1.2132829e+00
   1.2522652e+00
   1.2497065e+00
   1.1799706e+00
   1.1897299e+00
   1.3029934e+00
   1.2601134e+00
   1.2562267e+00
